{
  "dataset_name": "ARKitScenes",
  "share_intrinsics": false,
  "fx": 0,
  "fy": 0,
  "cx": 0,
  "cy": 0,
  "width": 1920,
  "height": 1440,
  "zipped": false,
  "crop_edge": 0,
  "resize": [960, 720],
  "init_point_num": 393490,
  "bbox_min": [-2.601592896992361, -2.108347525755174, -3.787530894182028],
  "bbox_max": [5.682000807180157, 5.450298030950413, 1.0739766598865872],
  "frames_num": 787,
  "frames": [
    {
      "file_path": "wide/41048190_3419.682.png",
      "transform_matrix": [
        [
          -0.024215609736836567, -0.9993320950711055, -0.02736727984050423,
          0.06166253760151526
        ],
        [
          -0.7718394035460643, 0.0012908634613258963, 0.6358162225086585,
          0.031235831609284333
        ],
        [
          -0.6353562302981919, 0.036519822457392374, -0.7713551472499237,
          -0.0014312310813255863
        ],
        [0.0, 0.0, 0.0, 1.0]
      ],
      "fx": 1611.9,
      "fy": 1611.9,
      "cx": 952.483,
      "cy": 742.012
    },
    {
      "file_path": "wide/41048190_3419.982.png",
      "transform_matrix": [
        [
          -0.011001304153484086, -0.9998963663654508, -0.009285894469106163,
          0.06810475638030193
        ],
        [
          -0.8076328953617261, 0.003409701778280945, 0.589675741627056,
          0.026423966874631097
        ],
        [
          -0.5895829692558613, 0.013986796021678308, -0.8075867085957336,
          -0.04228269355304395
        ],
        [0.0, 0.0, 0.0, 1.0]
      ],
      "fx": 1611.45,
      "fy": 1611.45,
      "cx": 952.652,
      "cy": 742.001
    },
    {
      "file_path": "wide/41048190_3420.282.png",
      "transform_matrix": [
        [
          -0.020598624070433252, -0.999231167892742, -0.03335820435983729,
          0.07341173422601366
        ],
        [
          -0.8512632229386443, 3.052676755241813e-5, 0.5247389106405479,
          0.01774047134483148
        ],
        [
          -0.5243344561999692, 0.03920551211021453, -0.8506093732505294,
          -0.0743963915929553
        ],
        [0.0, 0.0, 0.0, 1.0]
      ],
      "fx": 1611.45,
      "fy": 1611.45,
      "cx": 952.956,
      "cy": 742.075
    },
    {
      "file_path": "wide/41048190_3420.982.png",
      "transform_matrix": [
        [
          -0.05132991529218987, -0.9982359582730886, 0.029836410754394763,
          0.07455586038919682
        ],
        [
          -0.801086823446709, 0.0589953594020239, 0.5956336532375309,
          0.002422600185360695
        ],
        [
          -0.5963431403949891, 0.006672269451570766, -0.8027018996640084,
          -0.04349066389546707
        ],
        [0.0, 0.0, 0.0, 1.0]
      ],
      "fx": 1611.9,
      "fy": 1611.9,
      "cx": 952.676,
      "cy": 742.037
    },
    {
      "file_path": "wide/41048190_3428.279.png",
      "transform_matrix": [
        [
          0.6718809501468297, -0.559489947846056, -0.48533183193461604,
          0.030199571985800318
        ],
        [
          -0.4662050467793913, -0.8286399174713748, 0.3098527739595995,
          0.22199078149340862
        ],
        [
          -0.5755248415031436, 0.018079973236998857, -0.8175844123884279,
          -0.08441495839518122
        ],
        [0.0, 0.0, 0.0, 1.0]
      ],
      "fx": 1611.45,
      "fy": 1611.45,
      "cx": 952.847,
      "cy": 742.066
    },
    {
      "file_path": "wide/41048190_3428.478.png",
      "transform_matrix": [
        [
          0.7039530744172475, -0.4957540361668537, -0.5086039762357144,
          0.01792675359303765
        ],
        [
          -0.4136638223497513, -0.8682836115318323, 0.273798853219351,
          0.20108796879160298
        ],
        [
          -0.5773493839067455, 0.017649520376268973, -0.8163064273500418,
          -0.08959743603207529
        ],
        [0.0, 0.0, 0.0, 1.0]
      ],
      "fx": 1611.9,
      "fy": 1611.9,
      "cx": 952.862,
      "cy": 742.075
    },
    {
      "file_path": "wide/41048190_3428.678.png",
      "transform_matrix": [
        [
          0.7160771443840938, -0.44684492915556495, -0.5362491329397938,
          0.012392312809475857
        ],
        [
          -0.36482433767910893, -0.8945472439333382, 0.2582410327741669,
          0.18371221843754845
        ],
        [
          -0.5950938799279675, 0.010716233444032254, -0.8035847412768929,
          -0.08363938552374169
        ],
        [0.0, 0.0, 0.0, 1.0]
      ],
      "fx": 1611.9,
      "fy": 1611.9,
      "cx": 952.774,
      "cy": 742.051
    },
    {
      "file_path": "wide/41048190_3428.878.png",
      "transform_matrix": [
        [
          0.722017744288619, -0.3880395993737279, -0.5728137971891495,
          0.007357042500119338
        ],
        [
          -0.30368906515211186, -0.9216425925126956, 0.2415530653366119,
          0.16687231412117598
        ],
        [
          -0.6216617477691639, -0.00044831278573769526, -0.7832856888621383,
          -0.07462653446369731
        ],
        [0.0, 0.0, 0.0, 1.0]
      ],
      "fx": 1611.45,
      "fy": 1611.45,
      "cx": 952.663,
      "cy": 742.015
    },
    {
      "file_path": "wide/41048190_3430.078.png",
      "transform_matrix": [
        [
          0.40805699626593794, -0.1416960544667645, -0.9018934060890857,
          0.0157991451981133
        ],
        [
          -0.05969590748334215, -0.9899092251860862, 0.1285150750737938,
          0.08490379935549908
        ],
        [
          -0.9110026818995437, 0.0013978698202266285, -0.4123980595635785,
          0.08672536750063436
        ],
        [0.0, 0.0, 0.0, 1.0]
      ],
      "fx": 1613.25,
      "fy": 1613.25,
      "cx": 951.513,
      "cy": 741.961
    },
    {
      "file_path": "wide/41048190_3430.777.png",
      "transform_matrix": [
        [
          0.2374861175257977, -0.19074486240086996, -0.9524792603779862,
          0.03747323051002264
        ],
        [
          -0.05418271874474847, -0.981605965700982, 0.18306818699509217,
          0.08342089605352256
        ],
        [
          -0.9698786403318458, 0.008131762903315262, -0.24345286496595991,
          0.13444506936667514
        ],
        [0.0, 0.0, 0.0, 1.0]
      ],
      "fx": 1613.7,
      "fy": 1613.7,
      "cx": 951.361,
      "cy": 741.905
    },
    {
      "file_path": "wide/41048190_3436.675.png",
      "transform_matrix": [
        [
          0.7743300325609918, -0.040488805859511985, -0.6314852787469901,
          -0.5939387485358146
        ],
        [
          -0.021658022341176034, -0.9990619196920888, 0.03749947585537074,
          1.0337975297047486
        ],
        [
          -0.6324112038400033, -0.015360248084883262, -0.7744805562674951,
          -0.030590255786272724
        ],
        [0.0, 0.0, 0.0, 1.0]
      ],
      "fx": 1603.31,
      "fy": 1603.31,
      "cx": 952.55,
      "cy": 741.914
    },
    {
      "file_path": "wide/41048190_3436.875.png",
      "transform_matrix": [
        [
          0.7804719627977248, 0.10263211565436463, -0.6167091406189592,
          -0.6475358997208928
        ],
        [
          0.0863044371342859, -0.994676134635091, -0.05631102306234965,
          1.0693253379238927
        ],
        [
          -0.6192051836165456, -0.009275560560068445, -0.7851744421201547,
          -0.05178912270550951
        ],
        [0.0, 0.0, 0.0, 1.0]
      ],
      "fx": 1603.31,
      "fy": 1603.31,
      "cx": 952.61,
      "cy": 741.938
    },
    {
      "file_path": "wide/41048190_3436.975.png",
      "transform_matrix": [
        [
          0.780345890691768, 0.1682620888244208, -0.6022857796303294,
          -0.6745319590770974
        ],
        [
          0.12309189429531714, -0.9856078269522215, -0.1158688785192573,
          1.0929548746946842
        ],
        [
          -0.6131139179950669, 0.01628130568973696, -0.7898267168472941,
          -0.058162692860119
        ],
        [0.0, 0.0, 0.0, 1.0]
      ],
      "fx": 1603.31,
      "fy": 1603.31,
      "cx": 952.644,
      "cy": 742.003
    },
    {
      "file_path": "wide/41048190_3437.075.png",
      "transform_matrix": [
        [
          0.7865257378269002, 0.24618466591816018, -0.566365936478011,
          -0.7021427035417881
        ],
        [
          0.1718331069205061, -0.9681317169640237, -0.18219319958312777,
          1.117191614791515
        ],
        [
          -0.593169998484327, 0.04597922221020461, -0.8037631890196566,
          -0.06578181949107276
        ],
        [0.0, 0.0, 0.0, 1.0]
      ],
      "fx": 1603.31,
      "fy": 1603.31,
      "cx": 952.709,
      "cy": 742.081
    },
    {
      "file_path": "wide/41048190_3437.275.png",
      "transform_matrix": [
        [
          0.7722659686569724, 0.37104518336857817, -0.5156847346521773,
          -0.7436792297829524
        ],
        [
          0.285871698096636, -0.9278557347315399, -0.23950179070967287,
          1.144380348992921
        ],
        [
          -0.5673470242115086, 0.03753941161995382, -0.8226227243965326,
          -0.06184258597661229
        ],
        [0.0, 0.0, 0.0, 1.0]
      ],
      "fx": 1602.86,
      "fy": 1602.86,
      "cx": 952.838,
      "cy": 742.103
    },
    {
      "file_path": "wide/41048190_3437.375.png",
      "transform_matrix": [
        [
          0.757716362364778, 0.42386910383453663, -0.49618635311664383,
          -0.7636277113045887
        ],
        [
          0.3398182278638396, -0.905399190919574, -0.25451105495372917,
          1.1473794738202163
        ],
        [
          -0.5571260954363632, 0.0242340235348425, -0.8300742291428792,
          -0.060467015287334155
        ],
        [0.0, 0.0, 0.0, 1.0]
      ],
      "fx": 1603.31,
      "fy": 1603.31,
      "cx": 952.902,
      "cy": 742.07
    },
    {
      "file_path": "wide/41048190_3437.575.png",
      "transform_matrix": [
        [
          0.7145020853916841, 0.5322850579478416, -0.4540477805874585,
          -0.8043998437648066
        ],
        [
          0.44765429422910274, -0.8465614537561844, -0.2879919059148353,
          1.1327571620551318
        ],
        [
          -0.5376731375372756, 0.0025143785869062613, -0.8431496160653479,
          -0.06818093630985302
        ],
        [0.0, 0.0, 0.0, 1.0]
      ],
      "fx": 1602.86,
      "fy": 1602.86,
      "cx": 952.99,
      "cy": 742.015
    },
    {
      "file_path": "wide/41048190_3437.675.png",
      "transform_matrix": [
        [
          0.6846790081212835, 0.5840581779062559, -0.43599392273159027,
          -0.8254791027561402
        ],
        [
          0.49720320668039514, -0.8116824462439947, -0.3065298969531311,
          1.1164445886269465
        ],
        [
          -0.5329199068385305, -0.006902990669922026, -0.8461375311466942,
          -0.07479300968523518
        ],
        [0.0, 0.0, 0.0, 1.0]
      ],
      "fx": 1602.86,
      "fy": 1602.86,
      "cx": 953.009,
      "cy": 742.002
    },
    {
      "file_path": "wide/41048190_3437.775.png",
      "transform_matrix": [
        [
          0.6458302100629362, 0.6416341597571859, -0.4137740262543725,
          -0.8479801247698524
        ],
        [
          0.5597150176637201, -0.7664930921863069, -0.3149721235798104,
          1.0920085776251829
        ],
        [
          -0.5192518067101601, -0.028177023678236712, -0.8541566698006113,
          -0.08020883366544193
        ],
        [0.0, 0.0, 0.0, 1.0]
      ],
      "fx": 1603.31,
      "fy": 1603.31,
      "cx": 953.076,
      "cy": 741.962
    },
    {
      "file_path": "wide/41048190_3437.874.png",
      "transform_matrix": [
        [
          0.5951918563175923, 0.6968755334756306, -0.4001389071513454,
          -0.8722370853222168
        ],
        [
          0.6233493831558745, -0.7146339768362902, -0.31738592544462224,
          1.0635673119787117
        ],
        [
          -0.5071313446163709, -0.0605208228149951, -0.8597412571892705,
          -0.08331053196338305
        ],
        [0.0, 0.0, 0.0, 1.0]
      ],
      "fx": 1603.31,
      "fy": 1603.31,
      "cx": 953.12,
      "cy": 741.878
    },
    {
      "file_path": "wide/41048190_3437.974.png",
      "transform_matrix": [
        [
          0.5512709533409836, 0.7571435217456222, -0.35047685156249714,
          -0.9010836438629444
        ],
        [
          0.6847413440913305, -0.6505850505813149, -0.3284332255605489,
          1.0322273560880042
        ],
        [
          -0.4766860892605555, -0.05893029304818392, -0.8770961138134935,
          -0.09284410259465539
        ],
        [0.0, 0.0, 0.0, 1.0]
      ],
      "fx": 1602.86,
      "fy": 1602.86,
      "cx": 953.242,
      "cy": 741.876
    },
    {
      "file_path": "wide/41048190_3438.074.png",
      "transform_matrix": [
        [
          0.5143051120503649, 0.8035146901937673, -0.2997572257038607,
          -0.9271316155240742
        ],
        [
          0.7358000966951327, -0.5929787819699515, -0.3270693838268358,
          0.9990505672362048
        ],
        [
          -0.4405547292020536, -0.052347939560660854, -0.8961982056450788,
          -0.10200327553675616
        ],
        [0.0, 0.0, 0.0, 1.0]
      ],
      "fx": 1602.41,
      "fy": 1602.41,
      "cx": 953.42,
      "cy": 741.911
    },
    {
      "file_path": "wide/41048190_3438.374.png",
      "transform_matrix": [
        [
          0.39506616716634685, 0.8897543250863048, -0.22860438436457295,
          -0.9772702581845584
        ],
        [
          0.8423149481978094, -0.45015997159129323, -0.2964144531217185,
          0.9026177102116362
        ],
        [
          -0.36664458485434204, -0.07545356828633125, -0.927296342832132,
          -0.12368933632366858
        ],
        [0.0, 0.0, 0.0, 1.0]
      ],
      "fx": 1602.41,
      "fy": 1602.41,
      "cx": 953.782,
      "cy": 741.887
    },
    {
      "file_path": "wide/41048190_3438.474.png",
      "transform_matrix": [
        [
          0.33930093776490555, 0.9162468904161188, -0.21299415352222525,
          -0.981163639783667
        ],
        [
          0.8702407347065979, -0.3917098799127634, -0.2987380686086881,
          0.8743788512069224
        ],
        [
          -0.3571497407099392, -0.08399408182438668, -0.9302628966745377,
          -0.12311544481538253
        ],
        [0.0, 0.0, 0.0, 1.0]
      ],
      "fx": 1602.41,
      "fy": 1602.41,
      "cx": 953.825,
      "cy": 741.869
    },
    {
      "file_path": "wide/41048190_3438.574.png",
      "transform_matrix": [
        [
          0.28143606629865947, 0.9377547368348736, -0.20349396583214402,
          -0.9814350669773675
        ],
        [
          0.8937135926543459, -0.33336978476635154, -0.3002342433995472,
          0.8502629555637737
        ],
        [
          -0.34938482349867295, -0.09736857885680343, -0.931906435732798,
          -0.12331864741123323
        ],
        [0.0, 0.0, 0.0, 1.0]
      ],
      "fx": 1602.41,
      "fy": 1602.41,
      "cx": 953.859,
      "cy": 741.837
    },
    {
      "file_path": "wide/41048190_3438.774.png",
      "transform_matrix": [
        [
          0.1595910917069515, 0.9721323598050172, -0.17172465888075725,
          -0.979534192786975
        ],
        [
          0.9242797882605985, -0.2082460574196654, -0.3199069436290944,
          0.8159431569043828
        ],
        [
          -0.34675287520181675, -0.10766733297102851, -0.93175650732913,
          -0.11901318156590432
        ],
        [0.0, 0.0, 0.0, 1.0]
      ],
      "fx": 1602.41,
      "fy": 1602.41,
      "cx": 953.876,
      "cy": 741.812
    },
    {
      "file_path": "wide/41048190_3438.974.png",
      "transform_matrix": [
        [
          0.050252633559143466, 0.9922053281678886, -0.11403183579870307,
          -0.9886928616495152
        ],
        [
          0.9291957537503833, -0.08830696448151759, -0.35888317212752785,
          0.792639456250754
        ],
        [
          -0.36615560084836507, -0.08792307307704818, -0.9263906353089182,
          -0.11591848650535282
        ],
        [0.0, 0.0, 0.0, 1.0]
      ],
      "fx": 1602.41,
      "fy": 1602.41,
      "cx": 953.797,
      "cy": 741.857
    },
    {
      "file_path": "wide/41048190_3440.373.png",
      "transform_matrix": [
        [
          -0.37162359023993424, 0.8915889621215677, 0.258776022459902,
          -0.9942952856839051
        ],
        [
          0.7259851373590143, 0.4528234220512079, -0.5175872185203642,
          0.6561638280591654
        ],
        [
          -0.5786548950030533, -0.00448007419806787, -0.8155602009810099,
          -0.1969502553527263
        ],
        [0.0, 0.0, 0.0, 1.0]
      ],
      "fx": 1603.31,
      "fy": 1603.31,
      "cx": 952.747,
      "cy": 742.035
    },
    {
      "file_path": "wide/41048190_3440.573.png",
      "transform_matrix": [
        [
          -0.3763111479653102, 0.8845332900035054, 0.2756642501170674,
          -0.9690573782714758
        ],
        [
          0.6980746106008989, 0.4663217511385409, -0.5433561101611798,
          0.6213763866069968
        ],
        [
          -0.6091648036052589, -0.012036747511658424, -0.7929523054748671,
          -0.1935893632120478
        ],
        [0.0, 0.0, 0.0, 1.0]
      ],
      "fx": 1616.87,
      "fy": 1616.87,
      "cx": 952.64,
      "cy": 741.99
    },
    {
      "file_path": "wide/41048190_3440.673.png",
      "transform_matrix": [
        [
          -0.3910607633184428, 0.8681655462051864, 0.30554879115297906,
          -0.9579025214573974
        ],
        [
          0.6784610105298176, 0.4962540422660336, -0.5416849478483591,
          0.6037575971212255
        ],
        [
          -0.6219020313390649, -0.004528787571875642, -0.7830819583539602,
          -0.18853117276982095
        ],
        [0.0, 0.0, 0.0, 1.0]
      ],
      "fx": 1603.31,
      "fy": 1603.31,
      "cx": 952.588,
      "cy": 741.99
    },
    {
      "file_path": "wide/41048190_3440.873.png",
      "transform_matrix": [
        [
          -0.43264619725884573, 0.8216143177622144, 0.37117001609180506,
          -0.939220237991943
        ],
        [
          0.6456015403899156, 0.5697066730553044, -0.5085596894391292,
          0.5668307042937166
        ],
        [
          -0.62929795728544, 0.019601518420440465, -0.7769168948040617,
          -0.18546724720889773
        ],
        [0.0, 0.0, 0.0, 1.0]
      ],
      "fx": 1589.75,
      "fy": 1589.75,
      "cx": 952.527,
      "cy": 742.043
    },
    {
      "file_path": "wide/41048190_3440.973.png",
      "transform_matrix": [
        [
          -0.4660210532084863, 0.8000992109051354, 0.3777110412410964,
          -0.9306947474225175
        ],
        [
          0.6459306486550029, 0.5994007649872659, -0.4727497435861893,
          0.5456764954043878
        ],
        [
          -0.604646983862965, 0.02366380446294008, -0.796141978081648,
          -0.18787240156638677
        ],
        [0.0, 0.0, 0.0, 1.0]
      ],
      "fx": 1593.37,
      "fy": 1593.37,
      "cx": 952.611,
      "cy": 742.073
    },
    {
      "file_path": "wide/41048190_3441.073.png",
      "transform_matrix": [
        [
          -0.4923498445986266, 0.7904939993864315, 0.3642950280442388,
          -0.9227861499609387
        ],
        [
          0.6538391155130043, 0.6121672194159476, -0.44468607634793206,
          0.5215165056400807
        ],
        [
          -0.5745311493286333, 0.019249218337152867, -0.8182563327249771,
          -0.19296341342914655
        ],
        [0.0, 0.0, 0.0, 1.0]
      ],
      "fx": 1593.37,
      "fy": 1593.37,
      "cx": 952.75,
      "cy": 742.072
    },
    {
      "file_path": "wide/41048190_3441.173.png",
      "transform_matrix": [
        [
          -0.5084762210945744, 0.7804230891831324, 0.3638567499047371,
          -0.9169414225979966
        ],
        [
          0.6586102941604524, 0.6246971295812925, -0.41950682559259533,
          0.49792892705598996
        ],
        [
          -0.5546930800066502, 0.02633055568632141, -0.8316383161146349,
          -0.198230295845092
        ],
        [0.0, 0.0, 0.0, 1.0]
      ],
      "fx": 1593.37,
      "fy": 1593.37,
      "cx": 952.842,
      "cy": 742.079
    },
    {
      "file_path": "wide/41048190_3441.273.png",
      "transform_matrix": [
        [
          -0.5169239693297256, 0.77849020093651, 0.35600929338745185,
          -0.910425003287394
        ],
        [
          0.6719129896589383, 0.6266712443636764, -0.39473546308289553,
          0.4750412841232111
        ],
        [
          -0.5303984768643174, 0.035159046254311176, -0.8470190654327087,
          -0.2029852814312382
        ],
        [0.0, 0.0, 0.0, 1.0]
      ],
      "fx": 1593.37,
      "fy": 1593.37,
      "cx": 952.943,
      "cy": 742.106
    },
    {
      "file_path": "wide/41048190_3441.373.png",
      "transform_matrix": [
        [
          -0.5198898140972823, 0.7792620993482511, 0.34995022748563753,
          -0.9025268366584599
        ],
        [
          0.6876499225315669, 0.6248261171524684, -0.3697700736491524,
          0.45380451427199237
        ],
        [
          -0.5068058457044698, 0.04840355197220668, -0.8607002561381346,
          -0.20725659042509234
        ],
        [0.0, 0.0, 0.0, 1.0]
      ],
      "fx": 1592.92,
      "fy": 1592.92,
      "cx": 953.052,
      "cy": 742.147
    },
    {
      "file_path": "wide/41048190_3441.573.png",
      "transform_matrix": [
        [
          -0.5242388099130667, 0.7770799254468592, 0.34831086639442593,
          -0.8863039752887354
        ],
        [
          0.7077178771930661, 0.6250521673919782, -0.32931017952673597,
          0.42302420660739165
        ],
        [
          -0.47361279172154125, 0.07386865036058635, -0.8776299596137507,
          -0.21112028015226747
        ],
        [0.0, 0.0, 0.0, 1.0]
      ],
      "fx": 1592.92,
      "fy": 1592.92,
      "cx": 953.234,
      "cy": 742.229
    },
    {
      "file_path": "wide/41048190_3441.773.png",
      "transform_matrix": [
        [
          -0.5490048666946781, 0.7706099634674937, 0.3236571342488639,
          -0.8688853022677735
        ],
        [
          0.7105400649258035, 0.6342211211840331, -0.3047890837600716,
          0.4025027577488342
        ],
        [
          -0.440143695264165, 0.0626406708831959, -0.8957397355652528,
          -0.222332856030374
        ],
        [0.0, 0.0, 0.0, 1.0]
      ],
      "fx": 1593.37,
      "fy": 1593.37,
      "cx": 953.39,
      "cy": 742.237
    },
    {
      "file_path": "wide/41048190_3441.973.png",
      "transform_matrix": [
        [
          -0.5677145840103412, 0.7783037566646003, 0.26822269378957525,
          -0.8483499198522824
        ],
        [
          0.721342969441694, 0.6273133217860013, -0.2935001137084164,
          0.38250309695109674
        ],
        [
          -0.3966919101002756, 0.026856259448860886, -0.9175588644819527,
          -0.23958506831279347
        ],
        [0.0, 0.0, 0.0, 1.0]
      ],
      "fx": 1593.37,
      "fy": 1593.37,
      "cx": 953.579,
      "cy": 742.14
    },
    {
      "file_path": "wide/41048190_3442.173.png",
      "transform_matrix": [
        [
          -0.5701776435124791, 0.7854741871748914, 0.2406818566500183,
          -0.8306625032773634
        ],
        [
          0.7451386066832338, 0.6178362944333845, -0.2510911589662062,
          0.3616655336806082
        ],
        [
          -0.3459276104457767, 0.0361747779919598, -0.9375635838536539,
          -0.25363358351753285
        ],
        [0.0, 0.0, 0.0, 1.0]
      ],
      "fx": 1592.92,
      "fy": 1592.92,
      "cx": 953.825,
      "cy": 742.158
    },
    {
      "file_path": "wide/41048190_3442.373.png",
      "transform_matrix": [
        [
          -0.5675399717463636, 0.7932185490280278, 0.22068691385763392,
          -0.8143845270991316
        ],
        [
          0.7642391148250123, 0.6072447857495126, -0.21723799288225248,
          0.3430495848497654
        ],
        [
          -0.3063281832310215, 0.04536632735739171, -0.9508443303193661,
          -0.2630620420976333
        ],
        [0.0, 0.0, 0.0, 1.0]
      ],
      "fx": 1592.92,
      "fy": 1592.92,
      "cx": 954.004,
      "cy": 742.2
    },
    {
      "file_path": "wide/41048190_3442.573.png",
      "transform_matrix": [
        [
          -0.5656512398506244, 0.8001763615520306, 0.19939023363446262,
          -0.7976345230684169
        ],
        [
          0.7729854670470091, 0.5987172751926219, -0.2098358694790758,
          0.3229377224996544
        ],
        [
          -0.28728407994451943, 0.03543183313457428, -0.9571898675869667,
          -0.26637353813679676
        ],
        [0.0, 0.0, 0.0, 1.0]
      ],
      "fx": 1592.92,
      "fy": 1592.92,
      "cx": 954.069,
      "cy": 742.175
    },
    {
      "file_path": "wide/41048190_3442.772.png",
      "transform_matrix": [
        [
          -0.5680851918309261, 0.8026924964237542, 0.18155982762555475,
          -0.7808076144523581
        ],
        [
          0.7770573694056269, 0.5958337609258847, -0.2028890681957094,
          0.3020854641148238
        ],
        [
          -0.2710370075742929, 0.025824126818095264, -0.9622224560876013,
          -0.2680557209890493
        ],
        [0.0, 0.0, 0.0, 1.0]
      ],
      "fx": 1592.92,
      "fy": 1592.92,
      "cx": 954.169,
      "cy": 742.146
    },
    {
      "file_path": "wide/41048190_3443.272.png",
      "transform_matrix": [
        [
          -0.5235998486497417, 0.8392897850859696, 0.14640988745407316,
          -0.7809167902548381
        ],
        [
          0.8260453633837492, 0.5421842850515561, -0.15390015813943467,
          0.26130258453811545
        ],
        [
          -0.20854797080330828, 0.04035910917599438, -0.9771790450988718,
          -0.27678187514499963
        ],
        [0.0, 0.0, 0.0, 1.0]
      ],
      "fx": 1592.92,
      "fy": 1592.92,
      "cx": 954.502,
      "cy": 742.172
    },
    {
      "file_path": "wide/41048190_3443.472.png",
      "transform_matrix": [
        [
          -0.4958778947468809, 0.856517029960946, 0.14312124541199733,
          -0.7985467087607776
        ],
        [
          0.8418597275227974, 0.5145819764824077, -0.16271935550112004,
          0.24789703149343476
        ],
        [
          -0.213019512431708, 0.03979908122480279, -0.9762370206343431,
          -0.2774056289084143
        ],
        [0.0, 0.0, 0.0, 1.0]
      ],
      "fx": 1607.38,
      "fy": 1607.38,
      "cx": 954.5,
      "cy": 742.173
    },
    {
      "file_path": "wide/41048190_3443.672.png",
      "transform_matrix": [
        [
          -0.4628703600485502, 0.8757194910517295, 0.13735502459184062,
          -0.8215767920877981
        ],
        [
          0.8587631215345362, 0.4814179539466993, -0.17539285820703518,
          0.23296340293020426
        ],
        [
          -0.21972011942647546, 0.036771274248707346, -0.9748697054013636,
          -0.2761926194721756
        ],
        [0.0, 0.0, 0.0, 1.0]
      ],
      "fx": 1575.74,
      "fy": 1575.74,
      "cx": 954.459,
      "cy": 742.154
    },
    {
      "file_path": "wide/41048190_3444.072.png",
      "transform_matrix": [
        [
          -0.37669026984217385, 0.9182449454869138, 0.12219108271050284,
          -0.8856238779148089
        ],
        [
          0.8996900719243314, 0.39406869749815415, -0.18779679478867545,
          0.20972475681475017
        ],
        [
          -0.22059513840296144, 0.039192878687882696, -0.9745777050462089,
          -0.2797016351009225
        ],
        [0.0, 0.0, 0.0, 1.0]
      ],
      "fx": 1594.27,
      "fy": 1594.27,
      "cx": 954.461,
      "cy": 742.156
    },
    {
      "file_path": "wide/41048190_3444.672.png",
      "transform_matrix": [
        [
          -0.26091912943820283, 0.9616083995225642, 0.08503231068754255,
          -0.9883185212465334
        ],
        [
          0.9068199938689525, 0.2743509962848682, -0.320014108371823,
          0.22954842379025386
        ],
        [
          -0.3310569537296009, -0.006388803107978495, -0.9435891460705366,
          -0.29638613679366893
        ],
        [0.0, 0.0, 0.0, 1.0]
      ],
      "fx": 1594.27,
      "fy": 1594.27,
      "cx": 954.021,
      "cy": 742.038
    },
    {
      "file_path": "wide/41048190_3444.772.png",
      "transform_matrix": [
        [
          -0.22659298165806663, 0.9697237056266207, 0.09105797828352243,
          -1.0052330702163839
        ],
        [
          0.8843512518786242, 0.2440139610319355, -0.39796991107647267,
          0.24688181701226367
        ],
        [
          -0.408140274861496, -0.009649951672443974, -0.9128682240437017,
          -0.29779711756885124
        ],
        [0.0, 0.0, 0.0, 1.0]
      ],
      "fx": 1594.27,
      "fy": 1594.27,
      "cx": 953.654,
      "cy": 741.996
    },
    {
      "file_path": "wide/41048190_3444.972.png",
      "transform_matrix": [
        [
          -0.14986810832891675, 0.9826883657305379, 0.10891797814757798,
          -1.0229235530521625
        ],
        [
          0.8476006440324165, 0.18441389896265994, -0.49755870217012804,
          0.28973192775597656
        ],
        [
          -0.5090311369078954, 0.017750766947767824, -0.8605650538634609,
          -0.3157339540220294
        ],
        [0.0, 0.0, 0.0, 1.0]
      ],
      "fx": 1594.72,
      "fy": 1594.72,
      "cx": 953.146,
      "cy": 742.044
    },
    {
      "file_path": "wide/41048190_3445.071.png",
      "transform_matrix": [
        [
          -0.1282919791939062, 0.9886766984350214, 0.07784313743764486,
          -1.0250142610024664
        ],
        [
          0.8267419607673249, 0.14997091615065533, -0.5422236204883849,
          0.3091218164349317
        ],
        [
          -0.5477580655555055, -0.0052067533606614536, -0.8366205778836258,
          -0.33119168210633915
        ],
        [0.0, 0.0, 0.0, 1.0]
      ],
      "fx": 1594.72,
      "fy": 1594.72,
      "cx": 952.979,
      "cy": 741.989
    },
    {
      "file_path": "wide/41048190_3445.171.png",
      "transform_matrix": [
        [
          -0.1125257872567942, 0.9908334350840265, 0.07474657933194813,
          -1.0268533171379155
        ],
        [
          0.8103101605496781, 0.13504133219510128, -0.5702291489470946,
          0.3231679803735536
        ],
        [
          -0.5750959840863038, -0.003597571203033561, -0.8180780320783861,
          -0.3515051915237507
        ],
        [0.0, 0.0, 0.0, 1.0]
      ],
      "fx": 1594.72,
      "fy": 1594.72,
      "cx": 952.839,
      "cy": 741.958
    },
    {
      "file_path": "wide/41048190_3445.271.png",
      "transform_matrix": [
        [
          -0.1067820175115495, 0.9906496017438233, 0.08491741459187234,
          -1.0282203911135472
        ],
        [
          0.7968301425290109, 0.13634596344568328, -0.5886182992477088,
          0.33061328827381387
        ],
        [
          -0.5946926304347144, 0.004810906034549288, -0.803938760410124,
          -0.3767827396976147
        ],
        [0.0, 0.0, 0.0, 1.0]
      ],
      "fx": 1594.72,
      "fy": 1594.72,
      "cx": 952.738,
      "cy": 741.987
    },
    {
      "file_path": "wide/41048190_3445.371.png",
      "transform_matrix": [
        [
          -0.10796322785890518, 0.9908135055609785, 0.08144039923926724,
          -1.0303179912790685
        ],
        [
          0.7745566476601582, 0.13518663791527408, -0.617888802693998,
          0.3320107052544393
        ],
        [
          -0.62322222440775, -0.0036290669778465687, -0.7820363731164469,
          -0.40577090351930706
        ],
        [0.0, 0.0, 0.0, 1.0]
      ],
      "fx": 1594.72,
      "fy": 1594.72,
      "cx": 952.621,
      "cy": 741.959
    },
    {
      "file_path": "wide/41048190_3445.471.png",
      "transform_matrix": [
        [
          -0.10867412089213073, 0.9888635710880946, 0.10167975817842631,
          -1.0334346175293283
        ],
        [
          0.7389932486727775, 0.1487780292288477, -0.6570799619793883,
          0.3322911509680566
        ],
        [
          -0.6648901517276194, 0.0037330675965930094, -0.746931824427064,
          -0.4363103943224699
        ],
        [0.0, 0.0, 0.0, 1.0]
      ],
      "fx": 1595.18,
      "fy": 1595.18,
      "cx": 952.45,
      "cy": 741.956
    },
    {
      "file_path": "wide/41048190_3445.571.png",
      "transform_matrix": [
        [
          -0.1103457230073828, 0.9851100295461315, 0.13184100690452186,
          -1.036815634298443
        ],
        [
          0.7017576346115795, 0.17115909700154394, -0.6915495541014957,
          0.33423896923383445
        ],
        [
          -0.7038181893630906, 0.01621089760736331, -0.7101951584743624,
          -0.46817642076232485
        ],
        [0.0, 0.0, 0.0, 1.0]
      ],
      "fx": 1595.63,
      "fy": 1595.63,
      "cx": 952.265,
      "cy": 741.979
    },
    {
      "file_path": "wide/41048190_3445.671.png",
      "transform_matrix": [
        [
          -0.10107201962680847, 0.9821769001087507, 0.15847076620412745,
          -1.0404306867159059
        ],
        [
          0.6849516570645147, 0.1842211073717473, -0.7049140451738091,
          0.33710374423821055
        ],
        [
          -0.7215439517681052, 0.03729772769878012, -0.6913632946399265,
          -0.5018707455116784
        ],
        [0.0, 0.0, 0.0, 1.0]
      ],
      "fx": 1595.63,
      "fy": 1595.63,
      "cx": 952.185,
      "cy": 742.027
    },
    {
      "file_path": "wide/41048190_3445.771.png",
      "transform_matrix": [
        [
          -0.10329396857822085, 0.9784440485100178, 0.17882281731000463,
          -1.0431525500504522
        ],
        [
          0.6492646909925776, 0.20252613315808335, -0.7331019890972515,
          0.3426973640598054
        ],
        [
          -0.7535155718932913, 0.040378327396759735, -0.6561889008440832,
          -0.5299815292325383
        ],
        [0.0, 0.0, 0.0, 1.0]
      ],
      "fx": 1595.63,
      "fy": 1595.63,
      "cx": 952.075,
      "cy": 742.045
    },
    {
      "file_path": "wide/41048190_3445.871.png",
      "transform_matrix": [
        [
          -0.10231688354160175, 0.973920381666693, 0.2025101121340305,
          -1.0472081895315504
        ],
        [
          0.6003168628062384, 0.22278198681987743, -0.768106666146743,
          0.35026579405141867
        ],
        [
          -0.7931903425867025, 0.042979954895176344, -0.6074551867458193,
          -0.5557360387887241
        ],
        [0.0, 0.0, 0.0, 1.0]
      ],
      "fx": 1595.63,
      "fy": 1595.63,
      "cx": 951.916,
      "cy": 742.03
    },
    {
      "file_path": "wide/41048190_3445.971.png",
      "transform_matrix": [
        [
          -0.09958172438935535, 0.9678027813831496, 0.23117365013055075,
          -1.0516948748927106
        ],
        [
          0.5538397825377825, 0.24692416181187907, -0.7951666200187251,
          0.357125637445
        ],
        [
          -0.8266468263086387, 0.04884910091844951, -0.5605968158073275,
          -0.5816631844976166
        ],
        [0.0, 0.0, 0.0, 1.0]
      ],
      "fx": 1595.63,
      "fy": 1595.63,
      "cx": 951.794,
      "cy": 742.048
    },
    {
      "file_path": "wide/41048190_3447.271.png",
      "transform_matrix": [
        [
          -0.08004193602297607, 0.9887811089957196, 0.12611584742168164,
          -1.043217616639916
        ],
        [
          0.31722994316442543, 0.1452121998822672, -0.9371651829668282,
          0.4261789471171171
        ],
        [
          -0.9449647885702355, -0.03500479250827818, -0.3252940406215016,
          -0.9300580611355825
        ],
        [0.0, 0.0, 0.0, 1.0]
      ],
      "fx": 1616.87,
      "fy": 1616.87,
      "cx": 951.398,
      "cy": 741.798
    },
    {
      "file_path": "wide/41048190_3455.867.png",
      "transform_matrix": [
        [
          -0.04802079380196003, 0.9918468151337456, 0.11804193607220653,
          -1.1038356096792157
        ],
        [
          0.620005787543283, 0.12225408796267172, -0.7750140394788013,
          0.6325023027424889
        ],
        [
          -0.7831263159768439, 0.0359698941541467, -0.6208215040887969,
          -0.6611128229240174
        ],
        [0.0, 0.0, 0.0, 1.0]
      ],
      "fx": 1605.12,
      "fy": 1605.12,
      "cx": 951.948,
      "cy": 742.05
    },
    {
      "file_path": "wide/41048190_3456.067.png",
      "transform_matrix": [
        [
          -0.04372590667912876, 0.9967920379759558, 0.06703490219899604,
          -1.084379478790642
        ],
        [
          0.5675231078383132, 0.0800046207237769, -0.8194612759199712,
          0.6657513251849076
        ],
        [
          -0.8221955771923313, 0.0022121687515751, -0.5692007898402671,
          -0.5751603099156574
        ],
        [0.0, 0.0, 0.0, 1.0]
      ],
      "fx": 1605.57,
      "fy": 1605.57,
      "cx": 951.813,
      "cy": 741.962
    },
    {
      "file_path": "wide/41048190_3456.167.png",
      "transform_matrix": [
        [
          -0.011030025864083541, 0.9998155097806725, 0.01572529590982737,
          -1.07341429921533
        ],
        [
          0.541682188256207, 0.01919328557457931, -0.840364221462825,
          0.6860301291967887
        ],
        [
          -0.8405110025784343, -0.0007511263985737745, -0.5417939556267942,
          -0.5313254788501101
        ],
        [0.0, 0.0, 0.0, 1.0]
      ],
      "fx": 1605.12,
      "fy": 1605.12,
      "cx": 951.733,
      "cy": 741.917
    },
    {
      "file_path": "wide/41048190_3456.267.png",
      "transform_matrix": [
        [
          0.012256092411517983, 0.9994424385260205, -0.031058014617194367,
          -1.0593370106355366
        ],
        [
          0.5172579697009553, -0.032918612020836284, -0.8551962100965292,
          0.706640301377243
        ],
        [
          -0.8557417723704069, -0.0055836418029095196, -0.5173730201359276,
          -0.4849850949176107
        ],
        [0.0, 0.0, 0.0, 1.0]
      ],
      "fx": 1605.57,
      "fy": 1605.57,
      "cx": 951.677,
      "cy": 741.914
    },
    {
      "file_path": "wide/41048190_3456.367.png",
      "transform_matrix": [
        [
          0.016707927974433257, 0.9967401429368887, -0.07892992208884596,
          -1.0431392544736535
        ],
        [
          0.4880750069452243, -0.07702718708851719, -0.8693961122783155,
          0.7262180797201016
        ],
        [
          -0.8726417550966834, -0.02399791464650098, -0.4877709168804544,
          -0.43534222263501854
        ],
        [0.0, 0.0, 0.0, 1.0]
      ],
      "fx": 1606.02,
      "fy": 1606.02,
      "cx": 951.622,
      "cy": 741.866
    },
    {
      "file_path": "wide/41048190_3456.467.png",
      "transform_matrix": [
        [
          0.014039773662875567, 0.9929153146481011, -0.11799179078545047,
          -1.0287414678881839
        ],
        [
          0.468334804032818, -0.11078918057070404, -0.8765775885795929,
          0.7450430138816422
        ],
        [
          -0.8834395259931702, -0.042952711273378553, -0.4665722543264103,
          -0.38451270683479877
        ],
        [0.0, 0.0, 0.0, 1.0]
      ],
      "fx": 1606.02,
      "fy": 1606.02,
      "cx": 951.583,
      "cy": 741.812
    },
    {
      "file_path": "wide/41048190_3456.567.png",
      "transform_matrix": [
        [
          0.010524852519782012, 0.9892750871429016, -0.14568469184455007,
          -1.016262114571389
        ],
        [
          0.44090822199908536, -0.1353563433444164, -0.8872872139786719,
          0.767116330747344
        ],
        [
          -0.8974904830988695, -0.054895011383851326, -0.4376041252914839,
          -0.33622095955728387
        ],
        [0.0, 0.0, 0.0, 1.0]
      ],
      "fx": 1606.02,
      "fy": 1606.02,
      "cx": 951.548,
      "cy": 741.77
    },
    {
